%YAML:1.2
reference_points:
  - [ -0.0301, -0.022, -0.023]
  - [  0.0301, -0.022, -0.023]
  - [  0.075, 0.022, 0.023]
  - [ -0.075, 0.022, 0.023]
  - [ -0.075, 0.022, 0.023]
  - [ -0.075, 0.022, 0.023]
  
pixel_values:
  - [ 547, 283]
  - [ 754, 282]
  - [ 901, 493]
  - [ 410, 484]
