%YAML:1.2
reference_points:
  - [ -0.075, 0.0, 0.075]
  - [ 0.075, 0.0, 0.075]
  - [ 0.075, 0.04, 0.075]
  - [ 0.0309999, 0.086, 0.0309999]
  - [ -0.0309999, 0.086, 0.0309999]
  - [ -0.075, 0.04, 0.075]  

detector_image_path: "./pipestar_manual_detector.png"
