%YAML:1.2
reference_points:
  - [ -0.075, 0.075, 0]
  - [ -0.075, -0.075, 0]
  - [ -0.075, -0.075, 0.04]
  - [ -0.0309999, -0.0309999, 0.086]
  - [ -0.0309999, 0.0309999, 0.086]
  - [ -0.075, 0.075, 0.04]  

detector_image_path: "./pipestar_unsym_manual_detector.png"
